hip_sep foot_w  leg knee |    y*  roll A1 mg A2 mg A3 mg crouch | speedx  torqx clear  tilt
     70     56   90  fwd |  60.4 -14.0  28.0  28.0  28.0     52 |   1.35   2.69    25   1.7 up
     70     56   90  bwd |  60.4 -14.0  28.0  28.0  28.0     52 |   1.33   1.09    23   1.8 up
     70     56  100  fwd |  60.3 -13.0  28.0  28.0  28.0     58 |   1.50   3.03    25   1.9 up
     70     56  100  bwd |  60.3 -13.0  28.0  28.0  28.0     58 |   1.49   2.17    24   2.6 up
     70     56  110  fwd |  60.1 -12.0  28.0  28.0  28.0     62 |   1.64   3.37    25   2.1 up
     70     56  110  bwd |  60.1 -12.0  28.0  28.0  28.0     62 |   1.63   3.14    24   3.6 up
     84     56   90  fwd |  72.5 -16.7  28.0  28.0  28.0     52 |   1.10   1.23    24   1.9 up
     84     56   90  bwd |  72.5 -16.7  28.0  28.0  28.0     52 |   1.09   1.41    23   1.9 up
     84     56  100  fwd |  72.3 -15.4  28.0  28.0  28.0     58 |   1.37   2.74    24   2.2 up
     84     56  100  bwd |  72.3 -15.4  28.0  28.0  28.0     58 |   1.36   2.42    23   3.4 up
     84     56  110  fwd |  72.2 -14.4  28.0  28.0  28.0     62 |   1.53   3.10    24   2.8 up
     84     56  110  bwd |  72.2 -14.4  28.0  28.0  28.0     62 |   1.52   2.75    23   5.1 up
     84     64   90  fwd |  72.5 -16.7  32.0  32.0  32.0     52 |   1.10   1.23    24   1.9 up
     84     64   90  bwd |  72.5 -16.7  32.0  32.0  32.0     52 |   1.10   1.41    22   1.8 up
     84     64  100  fwd |  72.3 -15.4  32.0  32.0  32.0     58 |   1.37   2.74    24   1.9 up
     84     64  100  bwd |  72.3 -15.4  32.0  32.0  32.0     58 |   1.35   2.42    23   2.3 up
     84     64  110  fwd |  72.2 -14.4  32.0  32.0  32.0     62 |   1.53   3.10    24   2.1 up
     84     64  110  bwd |  72.2 -14.4  32.0  32.0  32.0     62 |   1.52   2.72    22   3.0 up
     84     72   90  fwd |  72.5 -16.7  36.0  36.0  36.0     52 |   1.09   1.23    24   1.9 up
     84     72   90  bwd |  72.5 -16.7  36.0  36.0  36.0     52 |   1.09   1.41    22   1.9 up
     84     72  100  fwd |  72.3 -15.4  36.0  36.0  36.0     58 |   1.37   2.74    24   1.9 up
     84     72  100  bwd |  72.3 -15.4  36.0  36.0  36.0     58 |   1.36   2.41    23   1.9 up
     84     72  110  fwd |  72.2 -14.4  36.0  36.0  36.0     62 |   1.53   3.10    24   1.9 up
     84     72  110  bwd |  72.2 -14.4  36.0  36.0  36.0     62 |   1.52   2.70    22   2.1 up
     96     56   90  fwd |  82.8 -18.9  28.0  28.0  28.0     52 |   1.07   1.00    23   2.2 up
     96     56   90  bwd |  82.8 -18.9  28.0  28.0  28.0     52 |   1.03   1.00    22   2.8 up
     96     56  100  fwd |  82.6 -17.5  28.0  28.0  28.0     58 |   1.09   1.14    23   2.7 up
     96     56  100  bwd |  82.6 -17.5  28.0  28.0  28.0     58 |   1.00   1.00    22   3.7 up
     96     56  110  fwd |  82.5 -16.3  28.0  28.0  28.0     62 |   1.38   2.52    23   3.0 up
     96     56  110  bwd |  82.5 -16.3  28.0  28.0  28.0     62 |   1.27   1.58    22  11.0 up
     96     64   90  fwd |  82.8 -18.9  32.0  32.0  32.0     52 |   1.07   1.00    23   2.1 up
     96     64   90  bwd |  82.8 -18.9  32.0  32.0  32.0     52 |   1.02   1.00    22   2.4 up
     96     64  100  fwd |  82.6 -17.5  32.0  32.0  32.0     58 |   1.09   1.14    23   2.2 up
     96     64  100  bwd |  82.6 -17.5  32.0  32.0  32.0     58 |   1.00   1.00    21   2.7 up
     96     64  110  fwd |  82.5 -16.3  32.0  32.0  32.0     62 |   1.38   2.52    23   2.3 up
     96     64  110  bwd |  82.5 -16.3  32.0  32.0  32.0     62 |   1.27   1.64    21   3.5 up
     96     72   90  fwd |  82.8 -18.9  36.0  36.0  36.0     52 |   1.07   1.00    22   2.1 up
     96     72   90  bwd |  82.8 -18.9  36.0  36.0  36.0     52 |   1.02   1.00    22   2.2 up
     96     72  100  fwd |  82.6 -17.5  36.0  36.0  36.0     58 |   1.09   1.14    22   2.1 up
     96     72  100  bwd |  82.6 -17.5  36.0  36.0  36.0     58 |   1.00   1.00    21   2.2 up
     96     72  110  fwd |  82.5 -16.3  36.0  36.0  36.0     62 |   1.38   2.51    22   2.1 up
     96     72  110  bwd |  82.5 -16.3  36.0  36.0  36.0     62 |   1.27   1.61    21   2.5 up
done
